TC2 layout act_box (9.0, 34.0) body_short (5.0, 30.0)
TC2 CHECK bodies 90 | THREE-WAY candidates 0 | overlapping bodies of different kind 189 | phantom round bodies 534 | uncovered apex-to-apex triangle pairs 15
  phantom (6, 'BUTTERFLY', [216, 533, 304, 535], 2.0, [33.6, 53.9])
  phantom (6, 'BUTTERFLY', [216, 514, 304, 516], 2.0, [33.6, 53.9])
  phantom (6, 'BUTTERFLY', [146, 533, 249, 535], 2.0, [41.6, 60.8])
  phantom (6, 'BUTTERFLY', [146, 514, 249, 516], 2.0, [41.6, 60.8])
  phantom (6, 'BUTTERFLY', [167, 533, 249, 535], 2.0, [35.3, 46.7])
  phantom (6, 'BUTTERFLY', [304, 543, 436, 545], 2.0, [67.4, 65.4])
  phantom (7, 'BUTTERFLY', [424, 514, 788, 521], 7.1, [236.3, 127.3])
  phantom (7, 'BUTTERFLY', [262, 198, 264, 291], 2.0, [48.4, 44.3])
  phantom (7, 'BUTTERFLY', [262, 198, 264, 314], 2.0, [70.9, 45.5])
  phantom (7, 'BUTTERFLY', [276, 198, 278, 291], 2.0, [48.4, 44.3])
  phantom (7, 'BUTTERFLY', [276, 198, 278, 314], 2.0, [70.9, 45.5])
  phantom (7, 'BUTTERFLY', [424, 514, 752, 521], 7.1, [194.3, 133.6])
  phantom (8, 'BUTTERFLY', [259, 572, 632, 579], 7.1, [131.8, 241.2])
  phantom (8, 'BUTTERFLY', [124, 523, 192, 525], 2.0, [33.5, 34.0])
  phantom (8, 'BUTTERFLY', [124, 537, 192, 539], 2.0, [33.5, 34.0])
  phantom (9, 'BUTTERFLY', [332, 548, 409, 550], 2.0, [35.1, 41.9])
  phantom (9, 'BUTTERFLY', [170, 534, 244, 536], 2.0, [39.7, 33.5])
  phantom (9, 'BUTTERFLY', [128, 534, 243, 536], 2.0, [55.8, 59.4])
  phantom (9, 'BUTTERFLY', [697, 342, 699, 442], 2.0, [50.0, 49.4])
  phantom (10, 'BUTTERFLY', [306, 722, 402, 724], 2.0, [47.5, 49.1])
  phantom (10, 'BUTTERFLY', [402, 719, 502, 721], 2.0, [35.0, 64.4])
  phantom (10, 'BUTTERFLY', [646, 577, 716, 579], 2.0, [34.3, 35.7])
  phantom (10, 'BUTTERFLY', [263, 503, 402, 506], 2.0, [89.6, 49.1])
  phantom (10, 'BUTTERFLY', [402, 501, 502, 503], 2.0, [35.0, 64.4])
  phantom (10, 'BALL', [646, 355, 716, 357], 2.0, [34.3, 35.7])
  phantom (10, 'BUTTERFLY', [218, 217, 220, 344], 2.0, [37.1, 90.4])
  phantom (10, 'BUTTERFLY', [311, 281, 402, 283], 2.0, [41.8, 49.1])
  phantom (10, 'BUTTERFLY', [231, 236, 383, 238], 2.0, [71.3, 80.8])
  phantom (10, 'BUTTERFLY', [301, 217, 303, 325], 2.0, [37.1, 70.9])
  phantom (10, 'BUTTERFLY', [290, 217, 292, 344], 2.0, [37.1, 90.4])
  phantom (10, 'BUTTERFLY', [229, 217, 231, 344], 2.0, [37.1, 90.4])
  phantom (10, 'BALL', [646, 133, 716, 135], 2.0, [34.3, 35.7])
  phantom (10, 'BUTTERFLY', [301, 415, 303, 509], 2.0, [44.2, 49.5])
  phantom (10, 'BUTTERFLY', [290, 415, 292, 509], 2.0, [44.2, 49.5])
  phantom (10, 'BUTTERFLY', [229, 439, 231, 568], 2.0, [37.1, 92.4])
  phantom (10, 'BUTTERFLY', [366, 206, 502, 209], 2.0, [39.2, 96.7])
  phantom (10, 'BUTTERFLY', [352, 344, 354, 494], 2.0, [106.3, 44.1])
  phantom (10, 'BUTTERFLY', [312, 415, 314, 509], 2.0, [44.2, 49.5])
  phantom (10, 'BALL', [207, 422, 209, 509], 2.0, [38.0, 49.5])
  phantom (10, 'BUTTERFLY', [671, 696, 762, 698], 2.0, [50.9, 40.7])
  phantom (10, 'BUTTERFLY', [671, 709, 762, 711], 2.0, [50.9, 40.7])
  phantom (10, 'BUTTERFLY', [713, 682, 834, 684], 2.0, [37.1, 84.3])
  phantom (10, 'BUTTERFLY', [682, 591, 684, 734], 2.0, [92.7, 50.9])
  phantom (10, 'BUTTERFLY', [671, 733, 762, 735], 2.0, [46.3, 45.3])
  phantom (10, 'BUTTERFLY', [736, 591, 738, 734], 2.0, [80.5, 63.1])
  phantom (10, 'BUTTERFLY', [695, 591, 697, 734], 2.0, [80.5, 63.1])
  phantom (10, 'BUTTERFLY', [216, 397, 286, 399], 2.0, [34.2, 35.7])
  phantom (11, 'BALL', [495, 491, 562, 493], 2.0, [33.6, 34.0])
  phantom (11, 'BALL', [251, 206, 253, 315], 2.0, [66.4, 42.7])
  phantom (11, 'BUTTERFLY', [596, 404, 603, 714], 7.1, [125.0, 184.6])
  phantom (11, 'BALL', [168, 508, 170, 639], 2.0, [90.6, 39.9])
  phantom (11, 'BUTTERFLY', [326, 503, 328, 639], 2.0, [42.8, 93.6])
  phantom (11, 'BUTTERFLY', [326, 515, 328, 639], 2.0, [43.9, 80.5])
  phantom (11, 'BUTTERFLY', [254, 530, 388, 532], 2.0, [93.6, 40.5])
  phantom (11, 'BALL', [250, 377, 252, 475], 2.0, [45.0, 53.2])
  phantom (11, 'BALL', [250, 301, 252, 377], 2.0, [34.8, 41.1])
  phantom (11, 'BALL', [118, 77, 187, 79], 2.0, [34.0, 35.3])
  phantom (12, 'BUTTERFLY', [573, 732, 654, 734], 2.0, [35.0, 46.5])
  phantom (12, 'BUTTERFLY', [649, 621, 825, 624], 3.5, [116.1, 59.6])
  phantom (12, 'BUTTERFLY', [602, 610, 724, 614], 3.5, [57.9, 63.6])
  phantom (12, 'BUTTERFLY', [446, 426, 450, 630], 3.5, [62.4, 140.8])
  phantom (12, 'BUTTERFLY', [573, 619, 660, 621], 2.0, [35.0, 52.0])
  phantom (12, 'BUTTERFLY', [469, 466, 473, 719], 3.5, [144.0, 109.4])
  phantom (13, 'BUTTERFLY', [613, 410, 783, 413], 4.0, [96.9, 72.4])
  phantom (13, 'BUTTERFLY', [386, 433, 613, 437], 3.2, [138.3, 88.7])
  phantom (13, 'BUTTERFLY', [347, 410, 538, 413], 4.0, [101.7, 89.5])
  phantom (13, 'BUTTERFLY', [266, 410, 413, 413], 4.0, [79.6, 67.5])
  phantom (13, 'BUTTERFLY', [311, 421, 414, 423], 2.0, [52.2, 51.5])
  phantom (13, 'BUTTERFLY', [310, 433, 523, 437], 3.2, [75.1, 138.4])
  phantom (13, 'BUTTERFLY', [236, 459, 385, 462], 3.2, [62.2, 86.2])
  phantom (13, 'BUTTERFLY', [236, 607, 385, 610], 3.2, [62.2, 86.2])
  phantom (13, 'BUTTERFLY', [468, 407, 783, 415], 7.1, [185.9, 128.3])
  phantom (13, 'BUTTERFLY', [613, 410, 808, 413], 4.0, [121.5, 72.7])
  phantom (14, 'BUTTERFLY', [358, 493, 610, 496], 3.5, [159.3, 92.8])
  phantom (14, 'BUTTERFLY', [519, 493, 686, 496], 3.5, [92.7, 74.5])
  phantom (14, 'BUTTERFLY', [724, 494, 798, 496], 2.0, [39.3, 35.3])
  phantom (14, 'BUTTERFLY', [519, 592, 686, 595], 3.5, [92.7, 74.5])
  phantom (14, 'BUTTERFLY', [686, 593, 798, 595], 2.0, [77.0, 35.3])
  phantom (14, 'BALL', [208, 282, 212, 516], 3.5, [141.1, 92.7])
  phantom (15, 'BUTTERFLY', [155, 184, 233, 186], 2.0, [39.9, 38.2])
  phantom (15, 'BUTTERFLY', [599, 525, 700, 527], 2.0, [49.3, 51.9])
  phantom (15, 'BUTTERFLY', [594, 171, 710, 174], 3.0, [60.8, 55.7])
  phantom (15, 'BUTTERFLY', [155, 144, 237, 146], 2.0, [40.0, 42.1])
  phantom (15, 'BUTTERFLY', [205, 434, 277, 436], 2.0, [36.7, 35.0])
  phantom (15, 'BUTTERFLY', [168, 490, 303, 492], 2.0, [73.9, 60.5])
  phantom (15, 'BUTTERFLY', [483, 259, 554, 261], 2.0, [35.3, 35.2])
  phantom (15, 'BUTTERFLY', [576, 471, 580, 635], 3.8, [96.9, 67.3])
  phantom (16, 'BUTTERFLY', [269, 200, 405, 202], 2.0, [43.2, 92.9])
  phantom (16, 'BUTTERFLY', [207, 213, 363, 216], 3.5, [82.9, 73.1])
  phantom (16, 'BUTTERFLY', [477, 213, 625, 215], 2.0, [102.1, 45.8])
  phantom (16, 'BUTTERFLY', [562, 93, 564, 182], 2.0, [42.6, 46.3])
  phantom (16, 'BUTTERFLY', [562, 320, 564, 401], 2.0, [42.6, 37.8])
  phantom (16, 'BUTTERFLY', [477, 440, 625, 442], 2.0, [102.1, 45.8])
  phantom (16, 'BUTTERFLY', [425, 426, 824, 433], 7.1, [204.0, 195.2])
  phantom (16, 'BUTTERFLY', [207, 440, 361, 443], 3.5, [82.9, 71.3])
  phantom (16, 'BUTTERFLY', [269, 427, 405, 429], 2.0, [43.2, 93.1])
  phantom (16, 'BUTTERFLY', [562, 548, 564, 629], 2.0, [42.6, 39.0])
  phantom (16, 'BUTTERFLY', [406, 660, 487, 662], 2.0, [34.0, 47.1])
  phantom (16, 'BUTTERFLY', [477, 667, 625, 669], 2.0, [102.1, 45.8])
  phantom (16, 'BUTTERFLY', [462, 660, 551, 662], 2.0, [45.1, 44.2])
  phantom (16, 'BUTTERFLY', [269, 655, 405, 657], 2.0, [43.2, 93.3])
  phantom (16, 'BUTTERFLY', [207, 667, 362, 671], 3.5, [82.9, 71.9])
  phantom (17, 'BUTTERFLY', [759, 377, 761, 530], 2.0, [90.9, 63.0])
  phantom (17, 'BUTTERFLY', [699, 332, 838, 334], 2.0, [36.3, 102.9])
  phantom (17, 'BUTTERFLY', [671, 182, 752, 184], 2.0, [36.3, 44.5])
  phantom (17, 'BUTTERFLY', [690, 724, 781, 726], 2.0, [56.3, 35.5])
  phantom (17, 'BUTTERFLY', [715, 165, 807, 167], 2.0, [36.7, 55.1])
  phantom (17, 'BUTTERFLY', [717, 303, 719, 406], 2.0, [43.2, 59.8])
  phantom (17, 'BUTTERFLY', [794, 183, 801, 725], 7.1, [190.8, 350.9])
  phantom (17, 'BUTTERFLY', [708, 175, 807, 177], 2.0, [44.5, 55.1])
  phantom (17, 'BUTTERFLY', [749, 620, 823, 622], 2.0, [36.0, 37.6])
  phantom (17, 'BUTTERFLY', [703, 552, 705, 678], 2.0, [68.7, 57.5])
  phantom (17, 'BUTTERFLY', [693, 635, 823, 638], 3.2, [55.4, 74.0])
  phantom (17, 'BUTTERFLY', [693, 647, 823, 650], 3.2, [55.4, 74.0])
  phantom (17, 'BUTTERFLY', [733, 226, 740, 584], 7.1, [230.1, 127.9])
  phantom (18, 'BUTTERFLY', [233, 453, 410, 457], 4.4, [91.6, 86.0])
  phantom (18, 'BUTTERFLY', [258, 478, 545, 485], 6.9, [114.7, 172.3])
  phantom (18, 'BUTTERFLY', [258, 638, 545, 645], 6.9, [114.7, 172.3])
  phantom (18, 'BUTTERFLY', [545, 525, 677, 529], 3.5, [70.7, 60.5])
  phantom (18, 'BUTTERFLY', [233, 467, 410, 471], 4.4, [91.6, 86.0])
  phantom (18, 'BUTTERFLY', [233, 612, 410, 616], 4.4, [91.6, 86.0])
  phantom (18, 'BUTTERFLY', [233, 626, 410, 631], 4.4, [91.7, 86.0])
  phantom (18, 'BUTTERFLY', [706, 245, 802, 247], 2.0, [57.2, 39.3])
  phantom (22, 'BUTTERFLY', [397, 264, 572, 267], 3.0, [105.4, 70.3])
  phantom (22, 'BUTTERFLY', [536, 325, 664, 328], 3.0, [55.6, 72.9])
  phantom (22, 'BUTTERFLY', [432, 300, 818, 306], 6.1, [178.9, 206.6])
  phantom (22, 'BUTTERFLY', [397, 277, 568, 280], 3.0, [105.4, 65.4])
  phantom (22, 'BUTTERFLY', [572, 298, 818, 301], 3.0, [92.0, 153.5])
  phantom (22, 'BUTTERFLY', [397, 544, 572, 547], 3.0, [104.2, 71.5])
  phantom (22, 'BUTTERFLY', [397, 555, 568, 558], 3.0, [104.2, 66.6])
  phantom (22, 'BUTTERFLY', [611, 310, 818, 313], 3.0, [53.0, 153.5])
  phantom (22, 'BUTTERFLY', [354, 526, 468, 529], 3.0, [63.8, 49.7])
  phantom (22, 'BUTTERFLY', [416, 389, 419, 615], 3.0, [128.4, 97.7])
  phantom (22, 'BUTTERFLY', [224, 194, 332, 197], 3.0, [57.9, 50.3])
  phantom (22, 'BUTTERFLY', [453, 578, 566, 581], 3.0, [63.7, 49.3])
  phantom (22, 'BUTTERFLY', [453, 578, 560, 581], 3.0, [57.5, 49.4])
  phantom (22, 'BUTTERFLY', [453, 567, 566, 570], 3.0, [63.7, 49.3])
  phantom (22, 'BUTTERFLY', [453, 567, 560, 570], 3.0, [57.5, 49.4])
  phantom (22, 'BUTTERFLY', [453, 299, 566, 302], 3.0, [63.7, 49.3])
  phantom (22, 'BUTTERFLY', [453, 299, 560, 302], 3.0, [57.5, 49.4])
  phantom (22, 'BUTTERFLY', [453, 288, 566, 291], 3.0, [63.7, 49.3])
  phantom (22, 'BUTTERFLY', [512, 288, 664, 291], 3.0, [49.3, 103.2])
  phantom (22, 'BUTTERFLY', [453, 288, 560, 291], 3.0, [57.5, 49.4])
  phantom (22, 'BUTTERFLY', [518, 288, 664, 291], 3.0, [49.5, 97.0])
  phantom (22, 'BUTTERFLY', [440, 242, 572, 245], 3.0, [49.3, 82.6])
  phantom (22, 'BUTTERFLY', [447, 242, 572, 245], 3.0, [49.3, 76.5])
  phantom (22, 'BUTTERFLY', [440, 231, 572, 234], 3.0, [49.3, 82.6])
  phantom (22, 'BUTTERFLY', [447, 231, 572, 234], 3.0, [49.3, 76.5])
  phantom (22, 'BUTTERFLY', [488, 389, 491, 605], 3.0, [133.5, 82.2])
  phantom (22, 'BUTTERFLY', [444, 364, 447, 566], 3.0, [147.0, 54.6])
  phantom (22, 'BUTTERFLY', [438, 364, 441, 600], 3.0, [147.0, 89.0])
  phantom (22, 'BUTTERFLY', [494, 360, 497, 608], 3.0, [151.5, 96.6])
  phantom (22, 'BUTTERFLY', [255, 294, 258, 550], 3.0, [149.0, 107.8])
  phantom (22, 'BUTTERFLY', [280, 316, 283, 570], 3.0, [114.9, 139.1])
  phantom (22, 'BUTTERFLY', [390, 305, 511, 308], 3.0, [62.4, 57.7])
  phantom (22, 'BUTTERFLY', [400, 294, 502, 297], 3.0, [53.4, 49.3])
  phantom (22, 'BUTTERFLY', [294, 219, 297, 407], 3.0, [80.8, 107.2])
  phantom (22, 'BUTTERFLY', [193, 335, 406, 338], 3.0, [126.1, 86.8])
  phantom (22, 'BUTTERFLY', [274, 299, 390, 302], 3.0, [63.6, 53.2])
  phantom (22, 'BUTTERFLY', [274, 576, 390, 579], 3.0, [63.6, 53.2])
  phantom (22, 'BUTTERFLY', [388, 358, 536, 361], 3.0, [76.9, 71.3])
  phantom (22, 'BUTTERFLY', [468, 346, 592, 349], 3.0, [51.3, 71.8])
  phantom (22, 'BUTTERFLY', [478, 346, 592, 349], 3.0, [53.7, 59.5])
  phantom (22, 'BUTTERFLY', [297, 299, 412, 302], 3.0, [57.0, 57.9])
  phantom (22, 'BUTTERFLY', [297, 299, 432, 302], 3.0, [76.4, 59.1])
  phantom (22, 'BUTTERFLY', [297, 577, 412, 580], 3.0, [56.9, 57.9])
  phantom (22, 'BUTTERFLY', [297, 577, 432, 580], 3.0, [76.1, 59.3])
  phantom (22, 'BUTTERFLY', [388, 636, 536, 639], 3.0, [76.9, 71.3])
  phantom (22, 'BUTTERFLY', [404, 224, 407, 376], 3.0, [97.3, 55.0])
  phantom (22, 'BUTTERFLY', [415, 328, 591, 331], 3.0, [73.1, 102.7])
  phantom (22, 'BUTTERFLY', [572, 267, 730, 270], 3.0, [98.1, 59.0])
  phantom (22, 'BUTTERFLY', [572, 279, 730, 282], 3.0, [98.1, 59.0])
  phantom (22, 'BUTTERFLY', [415, 606, 592, 609], 3.0, [73.1, 103.3])
  phantom (22, 'BUTTERFLY', [404, 503, 407, 655], 3.0, [96.7, 55.0])
  phantom (22, 'BUTTERFLY', [319, 608, 536, 611], 3.0, [107.2, 109.7])
  phantom (22, 'BUTTERFLY', [390, 583, 511, 586], 3.0, [62.4, 57.7])
  phantom (22, 'BUTTERFLY', [400, 572, 511, 575], 3.0, [53.4, 57.7])
  phantom (22, 'BUTTERFLY', [729, 356, 732, 534], 3.0, [80.2, 97.9])
  phantom (22, 'BUTTERFLY', [388, 346, 516, 349], 3.0, [65.4, 63.0])
  phantom (22, 'BUTTERFLY', [388, 625, 516, 628], 3.0, [66.0, 62.4])
  phantom (22, 'BUTTERFLY', [504, 373, 510, 626], 6.1, [150.9, 102.2])
  phantom (22, 'BUTTERFLY', [254, 195, 260, 431], 6.1, [108.6, 126.8])
  phantom (23, 'BUTTERFLY', [625, 176, 844, 179], 3.5, [77.6, 141.6])
  phantom (23, 'BUTTERFLY', [625, 271, 920, 275], 3.5, [173.7, 121.9])
  phantom (23, 'BUTTERFLY', [856, 94, 859, 232], 3.0, [73.8, 64.1])
  phantom (23, 'BUTTERFLY', [515, 138, 520, 552], 5.3, [139.9, 273.6])
  phantom (23, 'BUTTERFLY', [324, 351, 326, 552], 2.0, [103.3, 97.6])
  phantom (23, 'BUTTERFLY', [72, 602, 338, 605], 3.0, [145.7, 120.9])
  phantom (24, 'BUTTERFLY', [618, 446, 621, 584], 3.0, [64.8, 72.7])
  phantom (24, 'BUTTERFLY', [683, 132, 685, 233], 2.0, [39.1, 61.5])
  phantom (24, 'BUTTERFLY', [430, 494, 749, 501], 7.1, [189.4, 130.3])
  phantom (25, 'BUTTERFLY', [170, 190, 262, 192], 2.0, [36.9, 54.6])
  phantom (25, 'BUTTERFLY', [534, 343, 700, 346], 3.5, [60.2, 105.1])
  phantom (25, 'BUTTERFLY', [186, 145, 188, 225], 2.0, [45.5, 34.3])
  phantom (25, 'BUTTERFLY', [369, 402, 530, 405], 3.0, [80.7, 80.2])
  phantom (25, 'BUTTERFLY', [393, 392, 504, 394], 2.0, [73.1, 38.3])
  phantom (25, 'BUTTERFLY', [534, 401, 700, 405], 3.5, [60.2, 105.1])
  phantom (25, 'BUTTERFLY', [570, 330, 666, 332], 2.0, [51.2, 44.7])
  phantom (25, 'BUTTERFLY', [637, 395, 720, 397], 2.0, [45.1, 38.1])
  phantom (25, 'BUTTERFLY', [637, 337, 720, 339], 2.0, [45.1, 38.1])
  phantom (25, 'BALL', [780, 366, 870, 368], 2.0, [57.1, 33.5])
  phantom (25, 'BUTTERFLY', [264, 226, 496, 230], 3.8, [74.9, 157.6])
  phantom (25, 'BUTTERFLY', [337, 86, 340, 362], 3.8, [122.8, 153.2])
  phantom (25, 'BUTTERFLY', [222, 231, 382, 235], 3.8, [70.1, 89.9])
  phantom (25, 'BUTTERFLY', [222, 204, 382, 208], 3.8, [70.1, 89.9])
  phantom (25, 'BUTTERFLY', [651, 397, 776, 400], 3.0, [64.9, 59.3])
  phantom (25, 'BUTTERFLY', [651, 339, 776, 342], 3.0, [64.9, 59.3])
  phantom (25, 'BUTTERFLY', [570, 389, 666, 391], 2.0, [51.2, 44.7])
  phantom (25, 'BUTTERFLY', [315, 260, 318, 394], 3.0, [55.2, 78.7])
  phantom (25, 'BUTTERFLY', [534, 458, 700, 462], 3.5, [60.2, 105.1])
  phantom (25, 'BUTTERFLY', [698, 359, 700, 456], 2.0, [49.5, 47.5])
  phantom (25, 'BUTTERFLY', [483, 389, 487, 516], 3.5, [69.1, 57.4])
  phantom (25, 'BUTTERFLY', [465, 403, 467, 495], 2.0, [45.3, 46.1])
  phantom (25, 'BUTTERFLY', [637, 452, 720, 454], 2.0, [45.1, 38.1])
  phantom (25, 'BUTTERFLY', [698, 417, 700, 511], 2.0, [47.7, 46.3])
  phantom (25, 'BUTTERFLY', [570, 445, 666, 447], 2.0, [51.2, 44.7])
  phantom (25, 'BUTTERFLY', [587, 787, 1120, 794], 7.1, [197.6, 334.6])
  phantom (25, 'BUTTERFLY', [534, 514, 700, 517], 3.5, [60.2, 105.1])
  phantom (25, 'BUTTERFLY', [637, 508, 720, 510], 2.0, [45.1, 38.1])
  phantom (25, 'BUTTERFLY', [570, 501, 666, 503], 2.0, [51.2, 44.7])
  phantom (25, 'BUTTERFLY', [393, 400, 543, 403], 3.5, [92.1, 57.7])
  phantom (26, 'BALL', [475, 619, 638, 621], 2.0, [81.5, 81.3])
  phantom (26, 'BALL', [149, 380, 151, 448], 2.0, [33.7, 33.8])
  phantom (27, 'BUTTERFLY', [561, 612, 804, 616], 4.2, [146.7, 95.5])
  phantom (27, 'BUTTERFLY', [821, 458, 825, 704], 4.2, [155.8, 90.8])
  phantom (29, 'BUTTERFLY', [354, 198, 358, 388], 4.0, [90.1, 100.0])
  phantom (29, 'BUTTERFLY', [376, 198, 380, 388], 4.0, [90.1, 100.0])
  phantom (29, 'BUTTERFLY', [332, 198, 336, 388], 4.0, [90.1, 100.0])
  phantom (29, 'BALL', [699, 209, 702, 368], 3.5, [77.1, 81.9])
  phantom (29, 'BUTTERFLY', [392, 309, 810, 316], 7.1, [292.5, 125.0])
  phantom (29, 'BALL', [699, 209, 702, 408], 3.5, [117.0, 81.9])
  phantom (29, 'BALL', [705, 326, 855, 330], 4.0, [65.6, 84.9])
  phantom (29, 'BALL', [717, 326, 855, 330], 4.0, [72.9, 65.4])
  phantom (29, 'BALL', [699, 288, 702, 459], 3.5, [78.3, 92.7])
  phantom (30, 'BALL', [479, 638, 549, 640], 2.0, [35.1, 34.9])
  phantom (30, 'BUTTERFLY', [777, 601, 781, 771], 3.5, [108.2, 61.7])
  phantom (30, 'BALL', [218, 279, 222, 511], 4.0, [115.7, 116.1])
  phantom (30, 'BUTTERFLY', [163, 258, 670, 265], 7.1, [367.3, 139.0])
  phantom (30, 'BALL', [547, 279, 551, 511], 4.0, [115.7, 116.1])
  phantom (31, 'BALL', [271, 312, 427, 315], 3.2, [76.1, 79.4])
  phantom (31, 'BUTTERFLY', [321, 298, 611, 302], 4.0, [192.4, 97.9])
  phantom (31, 'BALL', [271, 384, 427, 388], 3.2, [76.1, 79.4])
  phantom (31, 'BUTTERFLY', [321, 371, 635, 375], 4.0, [192.4, 122.1])
  phantom (31, 'BUTTERFLY', [511, 291, 515, 428], 4.0, [68.5, 68.4])
  phantom (31, 'BALL', [271, 457, 427, 460], 3.2, [76.1, 79.4])
  phantom (31, 'BUTTERFLY', [321, 443, 660, 447], 4.0, [192.4, 147.1])
  phantom (31, 'BUTTERFLY', [511, 364, 515, 501], 4.0, [68.4, 68.5])
  phantom (31, 'BUTTERFLY', [550, 432, 762, 435], 3.5, [110.0, 101.3])
  phantom (31, 'BALL', [271, 529, 427, 533], 3.2, [76.1, 79.4])
  phantom (31, 'BUTTERFLY', [321, 516, 685, 520], 4.0, [192.4, 171.9])
  phantom (31, 'BALL', [847, 303, 849, 408], 2.0, [50.9, 54.0])
  phantom (31, 'BUTTERFLY', [848, 309, 852, 435], 3.5, [62.4, 63.6])
  phantom (31, 'BUTTERFLY', [848, 281, 852, 408], 3.5, [63.7, 62.8])
  phantom (31, 'BALL', [847, 375, 849, 480], 2.0, [50.8, 54.1])
  phantom (31, 'BUTTERFLY', [848, 381, 852, 507], 3.5, [62.3, 63.7])
  phantom (31, 'BUTTERFLY', [848, 354, 852, 480], 3.5, [63.7, 62.8])
  phantom (32, 'BALL', [332, 569, 524, 571], 2.0, [104.1, 88.1])
  phantom (32, 'BUTTERFLY', [356, 260, 502, 263], 3.5, [71.9, 74.7])
  phantom (32, 'BALL', [332, 571, 524, 574], 3.5, [125.9, 66.3])
  phantom (32, 'BUTTERFLY', [503, 278, 652, 282], 3.5, [89.9, 58.8])
  phantom (32, 'BUTTERFLY', [409, 278, 578, 282], 3.5, [79.3, 90.1])
  phantom (32, 'BUTTERFLY', [525, 367, 764, 370], 3.5, [70.2, 168.7])
  phantom (32, 'BUTTERFLY', [735, 229, 883, 233], 3.5, [60.1, 87.7])
  phantom (32, 'BUTTERFLY', [716, 266, 883, 269], 3.5, [79.2, 87.7])
  phantom (33, 'BUTTERFLY', [595, 332, 599, 490], 4.2, [83.7, 73.8])
  phantom (33, 'BUTTERFLY', [652, 231, 657, 490], 4.2, [184.5, 73.8])
  phantom (33, 'BUTTERFLY', [659, 414, 815, 418], 4.2, [75.8, 80.4])
  phantom (33, 'BUTTERFLY', [601, 414, 757, 418], 4.2, [80.2, 76.0])
  phantom (33, 'BUTTERFLY', [817, 226, 821, 490], 4.2, [190.3, 73.8])
  phantom (33, 'BUTTERFLY', [568, 220, 809, 224], 4.0, [157.9, 82.5])
  phantom (34, 'BUTTERFLY', [595, 332, 599, 490], 4.2, [83.7, 73.8])
  phantom (34, 'BUTTERFLY', [652, 231, 657, 490], 4.2, [184.5, 73.8])
  phantom (34, 'BUTTERFLY', [659, 414, 815, 418], 4.2, [75.8, 80.4])
  phantom (34, 'BUTTERFLY', [601, 414, 757, 418], 4.2, [80.2, 76.0])
  phantom (34, 'BUTTERFLY', [633, 492, 636, 718], 4.0, [123.4, 103.6])
  phantom (35, 'BUTTERFLY', [218, 287, 323, 289], 2.0, [55.2, 49.3])
  phantom (35, 'BUTTERFLY', [438, 287, 542, 289], 2.0, [55.2, 49.3])
  phantom (35, 'BUTTERFLY', [218, 543, 323, 545], 2.0, [55.2, 49.3])
  phantom (35, 'BUTTERFLY', [438, 543, 542, 545], 2.0, [55.2, 49.3])
  phantom (36, 'BUTTERFLY', [341, 295, 526, 299], 3.2, [125.0, 59.6])
  phantom (36, 'BUTTERFLY', [341, 295, 594, 299], 3.2, [165.2, 87.6])
  phantom (36, 'BUTTERFLY', [528, 289, 674, 292], 3.2, [66.7, 80.3])
  phantom (36, 'BUTTERFLY', [468, 295, 594, 299], 3.2, [59.6, 66.7])
  phantom (36, 'BUTTERFLY', [333, 389, 526, 392], 3.2, [133.3, 59.6])
  phantom (36, 'BUTTERFLY', [505, 307, 508, 481], 3.2, [83.7, 89.9])
  phantom (36, 'BUTTERFLY', [468, 389, 608, 392], 3.2, [59.6, 80.2])
  phantom (36, 'BUTTERFLY', [486, 344, 490, 468], 3.2, [69.8, 54.5])
  phantom (36, 'BUTTERFLY', [482, 304, 737, 310], 5.3, [87.6, 167.1])
  phantom (36, 'BUTTERFLY', [482, 398, 737, 403], 5.3, [87.6, 167.1])
  phantom (36, 'BUTTERFLY', [578, 269, 672, 271], 2.0, [60.8, 33.5])
  phantom (36, 'BUTTERFLY', [638, 269, 706, 271], 2.0, [33.6, 33.5])
  phantom (36, 'BUTTERFLY', [341, 483, 526, 486], 3.2, [125.0, 59.6])
  phantom (36, 'BUTTERFLY', [341, 483, 608, 486], 3.2, [165.2, 101.1])
  phantom (36, 'BUTTERFLY', [468, 483, 608, 486], 3.2, [59.6, 80.2])
  phantom (36, 'BUTTERFLY', [482, 492, 737, 497], 5.3, [87.6, 167.1])
  phantom (36, 'BUTTERFLY', [135, 336, 142, 688], 7.1, [233.4, 117.8])
  phantom (36, 'BUTTERFLY', [641, 297, 748, 299], 2.0, [47.4, 60.1])
  phantom (36, 'BUTTERFLY', [608, 391, 748, 393], 2.0, [80.6, 60.1])
  phantom (38, 'BUTTERFLY', [333, 233, 526, 236], 3.2, [133.3, 59.6])
  phantom (38, 'BUTTERFLY', [528, 226, 674, 230], 3.2, [66.7, 80.3])
  phantom (38, 'BUTTERFLY', [468, 233, 594, 236], 3.2, [59.6, 66.7])
  phantom (38, 'BUTTERFLY', [316, 327, 526, 330], 3.2, [150.9, 59.6])
  phantom (38, 'BUTTERFLY', [468, 327, 608, 330], 3.2, [59.6, 80.2])
  phantom (38, 'BUTTERFLY', [482, 242, 728, 247], 5.3, [87.7, 158.2])
  phantom (38, 'BUTTERFLY', [482, 336, 728, 341], 5.3, [87.7, 158.2])
  phantom (38, 'BALL', [192, 290, 332, 293], 3.2, [73.1, 66.4])
  phantom (38, 'BUTTERFLY', [247, 72, 252, 429], 5.1, [220.1, 137.6])
  phantom (38, 'BUTTERFLY', [578, 207, 672, 209], 2.0, [60.7, 33.5])
  phantom (38, 'BUTTERFLY', [333, 591, 526, 594], 3.2, [133.3, 59.6])
  phantom (38, 'BUTTERFLY', [528, 584, 674, 587], 3.2, [66.7, 80.3])
  phantom (38, 'BUTTERFLY', [468, 591, 594, 594], 3.2, [59.6, 66.7])
  phantom (38, 'BUTTERFLY', [594, 592, 742, 594], 2.0, [59.7, 87.9])
  phantom (38, 'BUTTERFLY', [316, 685, 526, 688], 3.2, [150.9, 59.6])
  phantom (38, 'BUTTERFLY', [468, 685, 608, 688], 3.2, [59.6, 80.2])
  phantom (38, 'BUTTERFLY', [482, 600, 728, 605], 5.3, [87.7, 158.2])
  phantom (38, 'BUTTERFLY', [482, 694, 728, 699], 5.3, [87.7, 158.2])
  phantom (38, 'BALL', [192, 648, 332, 651], 3.2, [73.1, 66.4])
  phantom (38, 'BUTTERFLY', [578, 565, 672, 567], 2.0, [60.7, 33.5])
  phantom (38, 'BUTTERFLY', [608, 686, 742, 688], 2.0, [82.6, 51.5])
  phantom (38, 'BUTTERFLY', [608, 329, 742, 331], 2.0, [82.6, 51.5])
  phantom (38, 'BUTTERFLY', [641, 235, 742, 237], 2.0, [49.3, 51.5])
  phantom (40, 'BUTTERFLY', [457, 386, 589, 390], 3.2, [59.6, 72.3])
  phantom (40, 'BUTTERFLY', [316, 480, 515, 483], 3.2, [140.2, 59.6])
  phantom (40, 'BUTTERFLY', [457, 480, 603, 483], 3.2, [59.6, 85.7])
  phantom (40, 'BUTTERFLY', [449, 395, 728, 401], 5.3, [110.3, 168.9])
  phantom (40, 'BUTTERFLY', [449, 489, 728, 495], 5.3, [110.3, 168.9])
  phantom (41, 'BUTTERFLY', [527, 297, 674, 300], 3.2, [66.7, 80.3])
  phantom (41, 'BUTTERFLY', [468, 304, 594, 307], 3.2, [59.4, 66.8])
  phantom (41, 'BUTTERFLY', [641, 305, 750, 307], 2.0, [72.6, 36.3])
  phantom (41, 'BUTTERFLY', [316, 398, 526, 401], 3.2, [150.8, 59.5])
  phantom (41, 'BUTTERFLY', [505, 316, 508, 567], 3.2, [83.7, 167.4])
  phantom (41, 'BUTTERFLY', [468, 398, 608, 401], 3.2, [59.4, 80.3])
  phantom (41, 'BUTTERFLY', [486, 352, 490, 540], 3.2, [69.8, 118.0])
  phantom (41, 'BALL', [608, 399, 750, 401], 2.0, [105.9, 36.3])
  phantom (41, 'BUTTERFLY', [482, 313, 728, 318], 5.3, [87.7, 158.2])
  phantom (41, 'BUTTERFLY', [482, 407, 728, 412], 5.3, [87.7, 158.2])
  phantom (41, 'BUTTERFLY', [578, 278, 672, 280], 2.0, [60.7, 33.5])
  phantom (41, 'BUTTERFLY', [527, 548, 674, 551], 3.2, [66.7, 80.3])
  phantom (41, 'BUTTERFLY', [463, 555, 594, 558], 3.2, [64.1, 66.8])
  phantom (41, 'BUTTERFLY', [641, 557, 750, 559], 2.0, [72.6, 36.3])
  phantom (41, 'BUTTERFLY', [463, 649, 608, 652], 3.2, [64.1, 80.3])
  phantom (41, 'BALL', [608, 650, 750, 652], 2.0, [105.9, 36.3])
  phantom (41, 'BUTTERFLY', [478, 564, 728, 569], 5.3, [92.3, 158.2])
  phantom (41, 'BUTTERFLY', [478, 658, 728, 663], 5.3, [92.3, 158.2])
  phantom (41, 'BUTTERFLY', [578, 529, 672, 531], 2.0, [60.7, 33.5])
  phantom (41, 'BUTTERFLY', [500, 409, 504, 646], 3.2, [147.2, 89.8])
  phantom (41, 'BUTTERFLY', [482, 409, 485, 634], 3.2, [169.7, 54.6])
  phantom (41, 'BUTTERFLY', [460, 409, 463, 646], 3.2, [147.2, 89.8])
  phantom (42, 'BUTTERFLY', [268, 101, 272, 291], 3.5, [94.7, 94.9])
  phantom (42, 'BUTTERFLY', [220, 108, 224, 291], 3.5, [88.4, 94.9])
  phantom (42, 'BUTTERFLY', [473, 99, 475, 295], 2.0, [98.1, 98.1])
  phantom (42, 'BUTTERFLY', [345, 120, 351, 550], 5.6, [186.1, 244.5])
  phantom (42, 'BUTTERFLY', [268, 532, 272, 722], 3.5, [94.8, 94.8])
  phantom (42, 'BUTTERFLY', [220, 538, 224, 722], 3.5, [88.4, 94.8])
  phantom (42, 'BUTTERFLY', [473, 530, 475, 726], 2.0, [98.1, 98.3])
  phantom (42, 'BUTTERFLY', [345, 318, 351, 649], 5.6, [220.4, 111.2])
  phantom (44, 'BUTTERFLY', [341, 526, 495, 529], 3.5, [79.2, 74.5])
  phantom (44, 'BUTTERFLY', [420, 519, 553, 522], 3.5, [74.3, 58.3])
  phantom (44, 'BUTTERFLY', [341, 625, 495, 628], 3.5, [79.4, 74.5])
  phantom (44, 'BUTTERFLY', [364, 560, 367, 710], 3.5, [89.4, 59.6])
  phantom (44, 'BUTTERFLY', [591, 530, 593, 726], 2.0, [98.1, 98.3])
  phantom (44, 'BUTTERFLY', [493, 525, 497, 697], 3.5, [94.8, 77.2])
  phantom (44, 'BUTTERFLY', [608, 572, 612, 729], 3.5, [67.2, 90.6])
  phantom (44, 'BUTTERFLY', [341, 724, 495, 728], 3.5, [79.2, 74.5])
  phantom (46, 'BUTTERFLY', [494, 278, 644, 282], 3.5, [74.4, 75.5])
  phantom (47, 'BUTTERFLY', [494, 373, 644, 376], 3.5, [74.4, 75.5])
  phantom (49, 'BUTTERFLY', [57, 141, 225, 145], 3.5, [98.6, 69.4])
  phantom (49, 'BUTTERFLY', [57, 127, 271, 130], 3.5, [98.6, 115.8])
  phantom (49, 'BUTTERFLY', [57, 174, 380, 178], 3.5, [152.1, 170.8])
  phantom (49, 'BUTTERFLY', [271, 137, 446, 140], 3.5, [65.8, 108.7])
  phantom (49, 'BUTTERFLY', [271, 131, 494, 134], 3.5, [93.1, 129.9])
  phantom (49, 'BUTTERFLY', [164, 152, 395, 155], 3.5, [83.3, 147.2])
  phantom (49, 'BUTTERFLY', [466, 152, 680, 155], 3.5, [127.3, 86.8])
  phantom (49, 'BUTTERFLY', [415, 74, 418, 304], 3.5, [95.9, 133.9])
  phantom (49, 'BUTTERFLY', [252, 152, 458, 155], 3.5, [147.1, 58.8])
  phantom (49, 'BUTTERFLY', [403, 152, 589, 155], 3.5, [58.7, 127.3])
  phantom (49, 'BUTTERFLY', [501, 114, 504, 304], 3.5, [98.0, 92.1])
  phantom (49, 'BUTTERFLY', [472, 101, 476, 304], 3.5, [110.4, 92.1])
  phantom (49, 'BUTTERFLY', [444, 154, 447, 304], 3.5, [57.7, 92.1])
  phantom (49, 'BUTTERFLY', [415, 154, 419, 304], 3.5, [57.7, 92.1])
  phantom (49, 'BUTTERFLY', [501, 218, 504, 400], 3.5, [89.6, 92.2])
  phantom (49, 'BUTTERFLY', [472, 218, 476, 400], 3.5, [89.6, 92.2])
  phantom (49, 'BUTTERFLY', [337, 306, 503, 310], 3.5, [108.3, 57.2])
  phantom (49, 'BUTTERFLY', [337, 306, 475, 310], 3.5, [80.0, 57.4])
  phantom (49, 'BALL', [501, 315, 504, 496], 3.5, [89.6, 92.2])
  phantom (49, 'BUTTERFLY', [472, 315, 476, 496], 3.5, [89.6, 92.2])
  phantom (49, 'BUTTERFLY', [444, 315, 447, 496], 3.5, [89.6, 92.2])
  phantom (49, 'BUTTERFLY', [415, 315, 419, 496], 3.5, [89.6, 92.2])
  phantom (49, 'BALL', [472, 411, 476, 587], 3.5, [89.5, 86.4])
  phantom (49, 'BUTTERFLY', [57, 143, 271, 146], 3.5, [128.4, 86.0])
  phantom (49, 'BUTTERFLY', [494, 137, 680, 140], 3.5, [57.6, 128.4])
  phantom (50, 'BUTTERFLY', [57, 141, 225, 145], 3.5, [98.6, 69.4])
  phantom (50, 'BUTTERFLY', [57, 127, 271, 130], 3.5, [98.6, 115.8])
  phantom (50, 'BUTTERFLY', [57, 174, 380, 178], 3.5, [152.1, 170.8])
  phantom (50, 'BUTTERFLY', [271, 137, 446, 140], 3.5, [65.8, 108.7])
  phantom (50, 'BUTTERFLY', [271, 131, 494, 134], 3.5, [93.1, 129.9])
  phantom (50, 'BUTTERFLY', [164, 152, 395, 155], 3.5, [83.3, 147.2])
  phantom (50, 'BUTTERFLY', [466, 152, 680, 155], 3.5, [127.3, 86.8])
  phantom (50, 'BUTTERFLY', [415, 74, 418, 304], 3.5, [95.9, 133.9])
  phantom (50, 'BUTTERFLY', [252, 152, 458, 155], 3.5, [147.1, 58.8])
  phantom (50, 'BUTTERFLY', [403, 152, 589, 155], 3.5, [58.7, 127.3])
  phantom (50, 'BUTTERFLY', [501, 114, 504, 304], 3.5, [98.0, 92.1])
  phantom (50, 'BUTTERFLY', [472, 101, 476, 304], 3.5, [110.4, 92.1])
  phantom (50, 'BUTTERFLY', [444, 154, 447, 304], 3.5, [57.7, 92.1])
  phantom (50, 'BUTTERFLY', [415, 154, 419, 304], 3.5, [57.7, 92.1])
  phantom (50, 'BUTTERFLY', [501, 218, 504, 400], 3.5, [89.6, 92.2])
  phantom (50, 'BUTTERFLY', [472, 218, 476, 400], 3.5, [89.6, 92.2])
  phantom (50, 'BUTTERFLY', [337, 306, 503, 310], 3.5, [108.3, 57.2])
  phantom (50, 'BUTTERFLY', [337, 306, 475, 310], 3.5, [80.0, 57.4])
  phantom (50, 'BALL', [501, 315, 504, 496], 3.5, [89.6, 92.2])
  phantom (50, 'BUTTERFLY', [472, 315, 476, 496], 3.5, [89.6, 92.2])
  phantom (50, 'BUTTERFLY', [444, 315, 447, 496], 3.5, [89.6, 92.2])
  phantom (50, 'BUTTERFLY', [415, 315, 419, 496], 3.5, [89.6, 92.2])
  phantom (50, 'BALL', [472, 411, 476, 587], 3.5, [89.5, 86.4])
  phantom (50, 'BUTTERFLY', [57, 143, 271, 146], 3.5, [128.4, 86.0])
  phantom (50, 'BUTTERFLY', [494, 137, 680, 140], 3.5, [57.6, 128.4])
  phantom (51, 'BUTTERFLY', [187, 230, 269, 232], 2.0, [35.0, 46.2])
  phantom (51, 'BUTTERFLY', [268, 156, 270, 286], 2.0, [75.2, 54.9])
  phantom (51, 'BUTTERFLY', [225, 217, 443, 221], 3.5, [68.7, 149.0])
  phantom (51, 'BUTTERFLY', [405, 230, 486, 232], 2.0, [35.0, 46.0])
  phantom (51, 'BUTTERFLY', [486, 156, 488, 286], 2.0, [75.2, 54.9])
  phantom (51, 'BUTTERFLY', [126, 479, 207, 481], 2.0, [35.0, 46.1])
  phantom (51, 'BUTTERFLY', [206, 405, 208, 535], 2.0, [75.2, 55.0])
  phantom (51, 'BUTTERFLY', [183, 405, 186, 620], 3.5, [63.5, 151.6])
  phantom (51, 'BUTTERFLY', [163, 467, 381, 470], 3.5, [68.7, 149.0])
  phantom (51, 'BUTTERFLY', [343, 479, 424, 481], 2.0, [35.0, 46.1])
  phantom (51, 'BUTTERFLY', [424, 405, 426, 535], 2.0, [75.2, 55.0])
  phantom (51, 'BUTTERFLY', [401, 405, 404, 620], 3.5, [63.5, 151.6])
  phantom (51, 'BUTTERFLY', [381, 467, 604, 470], 3.5, [68.7, 154.2])
  phantom (51, 'BUTTERFLY', [566, 479, 647, 481], 2.0, [35.0, 46.0])
  phantom (51, 'BUTTERFLY', [647, 405, 649, 535], 2.0, [75.2, 55.0])
  phantom (51, 'BUTTERFLY', [604, 467, 822, 470], 3.5, [68.7, 149.1])
  phantom (51, 'BUTTERFLY', [784, 479, 865, 481], 2.0, [34.9, 46.2])
  phantom (51, 'BUTTERFLY', [865, 405, 867, 535], 2.0, [75.2, 55.0])
  phantom (51, 'BUTTERFLY', [126, 694, 207, 696], 2.0, [35.0, 46.1])
  phantom (51, 'BUTTERFLY', [206, 620, 208, 750], 2.0, [75.2, 54.9])
  phantom (51, 'BUTTERFLY', [163, 682, 381, 685], 3.5, [68.7, 149.0])
  phantom (51, 'BUTTERFLY', [343, 694, 424, 696], 2.0, [35.0, 46.1])
  phantom (51, 'BUTTERFLY', [424, 620, 426, 750], 2.0, [75.2, 54.9])
  phantom (52, 'BUTTERFLY', [566, 209, 647, 211], 2.0, [35.0, 46.0])
  phantom (52, 'BUTTERFLY', [647, 135, 649, 265], 2.0, [75.1, 54.9])
  phantom (52, 'BUTTERFLY', [604, 197, 822, 200], 3.5, [68.7, 149.1])
  phantom (52, 'BUTTERFLY', [784, 209, 865, 211], 2.0, [34.9, 46.2])
  phantom (52, 'BUTTERFLY', [865, 135, 867, 265], 2.0, [75.1, 54.9])
  phantom (52, 'BUTTERFLY', [126, 459, 207, 461], 2.0, [35.0, 46.1])
  phantom (52, 'BUTTERFLY', [206, 384, 208, 514], 2.0, [75.2, 54.9])
  phantom (52, 'BUTTERFLY', [163, 446, 381, 450], 3.5, [68.7, 149.0])
  phantom (52, 'BUTTERFLY', [343, 459, 424, 461], 2.0, [35.0, 46.1])
  phantom (52, 'BUTTERFLY', [424, 384, 426, 514], 2.0, [75.2, 54.9])
  phantom (52, 'BUTTERFLY', [381, 446, 604, 450], 3.5, [68.7, 154.2])
  phantom (52, 'BUTTERFLY', [566, 459, 647, 461], 2.0, [35.0, 46.0])
  phantom (52, 'BUTTERFLY', [647, 384, 649, 514], 2.0, [75.2, 54.9])
  phantom (52, 'BUTTERFLY', [604, 446, 822, 450], 3.5, [68.7, 149.1])
  phantom (52, 'BUTTERFLY', [784, 459, 865, 461], 2.0, [34.9, 46.2])
  phantom (52, 'BUTTERFLY', [865, 384, 867, 514], 2.0, [75.2, 54.9])
  phantom (52, 'BUTTERFLY', [126, 721, 207, 723], 2.0, [35.0, 46.1])
  phantom (52, 'BUTTERFLY', [206, 647, 208, 777], 2.0, [75.2, 54.9])
  phantom (52, 'BUTTERFLY', [163, 709, 381, 712], 3.5, [68.7, 149.0])
  phantom (52, 'BUTTERFLY', [343, 721, 424, 723], 2.0, [35.0, 46.1])
  phantom (52, 'BUTTERFLY', [424, 647, 426, 777], 2.0, [75.2, 54.9])
  phantom (53, 'BUTTERFLY', [304, 586, 385, 588], 2.0, [35.0, 46.0])
  phantom (53, 'BUTTERFLY', [385, 512, 387, 642], 2.0, [75.2, 54.9])
  phantom (53, 'BUTTERFLY', [342, 574, 559, 577], 3.5, [68.7, 149.1])
  phantom (53, 'BUTTERFLY', [522, 586, 603, 588], 2.0, [34.9, 46.2])
  phantom (53, 'BUTTERFLY', [603, 512, 605, 642], 2.0, [75.2, 54.9])
  phantom (53, 'BUTTERFLY', [303, 276, 384, 278], 2.0, [35.0, 46.0])
  phantom (53, 'BUTTERFLY', [384, 202, 386, 332], 2.0, [75.1, 54.9])
  phantom (53, 'BUTTERFLY', [340, 263, 558, 267], 3.5, [68.7, 149.1])
  phantom (53, 'BUTTERFLY', [521, 276, 602, 278], 2.0, [34.9, 46.2])
  phantom (53, 'BUTTERFLY', [601, 202, 603, 332], 2.0, [75.1, 54.9])
  phantom (54, 'BUTTERFLY', [126, 406, 207, 408], 2.0, [35.0, 46.1])
  phantom (54, 'BUTTERFLY', [163, 406, 293, 408], 2.0, [44.4, 85.7])
  phantom (54, 'BUTTERFLY', [183, 332, 187, 547], 3.5, [63.5, 151.7])
  phantom (54, 'BUTTERFLY', [163, 393, 381, 397], 3.5, [68.7, 149.0])
  phantom (54, 'BUTTERFLY', [343, 406, 424, 408], 2.0, [35.0, 46.1])
  phantom (54, 'BUTTERFLY', [381, 406, 516, 408], 2.0, [44.4, 91.0])
  phantom (54, 'BUTTERFLY', [401, 332, 404, 547], 3.5, [63.5, 151.7])
  phantom (54, 'BUTTERFLY', [381, 393, 604, 397], 3.5, [68.7, 154.2])
  phantom (54, 'BUTTERFLY', [566, 406, 647, 408], 2.0, [35.0, 46.0])
  phantom (54, 'BUTTERFLY', [604, 406, 734, 408], 2.0, [44.5, 85.7])
  phantom (54, 'BUTTERFLY', [604, 393, 821, 397], 3.5, [68.7, 149.0])
  phantom (54, 'BUTTERFLY', [784, 406, 865, 408], 2.0, [34.9, 46.1])
  phantom (54, 'BUTTERFLY', [865, 332, 867, 462], 2.0, [75.2, 54.9])
  phantom (54, 'BUTTERFLY', [126, 621, 207, 623], 2.0, [35.0, 46.1])
  phantom (54, 'BUTTERFLY', [207, 547, 209, 677], 2.0, [75.2, 54.9])
  phantom (54, 'BUTTERFLY', [163, 608, 381, 612], 3.5, [68.7, 149.0])
  phantom (54, 'BUTTERFLY', [343, 621, 424, 623], 2.0, [35.0, 46.1])
  phantom (54, 'BUTTERFLY', [424, 547, 426, 677], 2.0, [75.2, 54.9])
  phantom (55, 'BUTTERFLY', [569, 305, 650, 307], 2.0, [35.0, 46.1])
  phantom (55, 'BUTTERFLY', [606, 305, 736, 307], 2.0, [44.5, 85.6])
  phantom (55, 'BUTTERFLY', [606, 292, 824, 296], 3.5, [68.7, 149.0])
  phantom (55, 'BUTTERFLY', [786, 305, 868, 307], 2.0, [35.1, 46.0])
  phantom (55, 'BUTTERFLY', [867, 230, 869, 361], 2.0, [75.3, 54.9])
  phantom (55, 'BUTTERFLY', [126, 603, 207, 605], 2.0, [35.0, 46.1])
  phantom (55, 'BUTTERFLY', [163, 603, 293, 605], 2.0, [44.4, 85.7])
  phantom (55, 'BUTTERFLY', [163, 590, 381, 594], 3.5, [68.7, 149.0])
  phantom (55, 'BUTTERFLY', [343, 603, 424, 605], 2.0, [35.0, 46.1])
  phantom (55, 'BUTTERFLY', [381, 603, 519, 605], 2.0, [44.4, 93.4])
  phantom (55, 'BUTTERFLY', [381, 590, 606, 594], 3.5, [68.7, 156.7])
  phantom (55, 'BUTTERFLY', [569, 603, 650, 605], 2.0, [35.0, 46.1])
  phantom (55, 'BUTTERFLY', [606, 603, 736, 605], 2.0, [44.5, 85.6])
  phantom (55, 'BUTTERFLY', [606, 590, 824, 594], 3.5, [68.7, 149.0])
  phantom (55, 'BUTTERFLY', [786, 603, 868, 605], 2.0, [35.1, 46.0])
  phantom (55, 'BUTTERFLY', [867, 529, 869, 659], 2.0, [75.2, 54.9])
  phantom (56, 'BUTTERFLY', [292, 447, 373, 449], 2.0, [35.0, 46.0])
  phantom (56, 'BUTTERFLY', [373, 373, 375, 503], 2.0, [75.2, 54.9])
  phantom (56, 'BUTTERFLY', [330, 434, 573, 438], 3.5, [68.7, 175.2])
  phantom (56, 'BUTTERFLY', [536, 447, 617, 449], 2.0, [35.0, 46.0])
  phantom (56, 'BUTTERFLY', [617, 373, 619, 503], 2.0, [75.2, 54.9])
  phantom (57, 'BUTTERFLY', [573, 627, 654, 629], 2.0, [34.9, 46.2])
  phantom (57, 'BUTTERFLY', [654, 553, 656, 683], 2.0, [75.2, 54.9])
  phantom (57, 'BUTTERFLY', [311, 627, 392, 629], 2.0, [35.0, 46.0])
  phantom (57, 'BUTTERFLY', [392, 553, 394, 683], 2.0, [75.2, 54.9])
  phantom (57, 'BUTTERFLY', [311, 333, 392, 335], 2.0, [35.0, 46.0])
  phantom (57, 'BUTTERFLY', [392, 258, 394, 389], 2.0, [75.3, 54.9])
  phantom (57, 'BUTTERFLY', [573, 333, 654, 335], 2.0, [34.9, 46.2])
  phantom (57, 'BUTTERFLY', [654, 258, 656, 389], 2.0, [75.3, 54.9])
  phantom (58, 'BUTTERFLY', [573, 627, 654, 629], 2.0, [34.9, 46.2])
  phantom (58, 'BUTTERFLY', [654, 553, 656, 683], 2.0, [75.2, 54.9])
  phantom (58, 'BUTTERFLY', [311, 627, 392, 629], 2.0, [35.0, 46.0])
  phantom (58, 'BUTTERFLY', [392, 553, 394, 683], 2.0, [75.2, 54.9])
  phantom (58, 'BUTTERFLY', [173, 333, 254, 335], 2.0, [35.0, 46.0])
  phantom (58, 'BUTTERFLY', [254, 258, 256, 389], 2.0, [75.3, 54.9])
  phantom (58, 'BUTTERFLY', [210, 320, 404, 324], 3.5, [68.7, 125.0])
  phantom (58, 'BUTTERFLY', [367, 333, 448, 335], 2.0, [35.0, 46.1])
  phantom (58, 'BUTTERFLY', [448, 258, 450, 389], 2.0, [75.3, 54.9])
  phantom (58, 'BUTTERFLY', [285, 320, 598, 324], 3.5, [141.0, 171.9])
  phantom (58, 'BUTTERFLY', [404, 320, 598, 324], 3.5, [68.7, 124.9])
  phantom (58, 'BUTTERFLY', [560, 333, 641, 335], 2.0, [35.0, 46.1])
  phantom (58, 'BUTTERFLY', [641, 258, 643, 389], 2.0, [75.3, 54.9])
  phantom (58, 'BUTTERFLY', [479, 320, 792, 324], 3.5, [140.9, 172.0])
  phantom (58, 'BUTTERFLY', [598, 320, 792, 324], 3.5, [68.7, 125.0])
  phantom (58, 'BUTTERFLY', [754, 333, 835, 335], 2.0, [34.9, 46.2])
  phantom (58, 'BUTTERFLY', [835, 258, 837, 389], 2.0, [75.3, 54.9])
  apexpair (13, [559, 349, 564, 357])
  apexpair (36, [206, 148, 214, 152])
  apexpair (36, [206, 532, 214, 536])
  apexpair (38, [401, 183, 406, 191])
  apexpair (38, [383, 319, 388, 327])
  apexpair (38, [170, 298, 174, 306])
  apexpair (38, [170, 655, 174, 663])
  apexpair (39, [340, 680, 345, 689])
  apexpair (39, [391, 680, 395, 689])
  apexpair (39, [417, 680, 422, 689])
  apexpair (39, [467, 680, 472, 689])
  apexpair (39, [494, 680, 498, 689])
  apexpair (39, [544, 680, 549, 689])
  apexpair (39, [570, 680, 575, 689])
  apexpair (39, [620, 680, 625, 689])
  overlap (6, 'GLOBE', [213, 529, 218, 538], 'BUTTERFLY', [216, 533, 304, 535], 'NONE', 'NONE')
  overlap (6, 'GLOBE', [213, 529, 218, 538], 'BUTTERFLY', [146, 533, 249, 535], 'NONE', 'NONE')
  overlap (6, 'GLOBE', [213, 529, 218, 538], 'BUTTERFLY', [167, 533, 249, 535], 'NONE', 'NONE')
  overlap (6, 'GLOBE', [213, 511, 218, 519], 'BUTTERFLY', [216, 514, 304, 516], 'NONE', 'NONE')
  overlap (6, 'GLOBE', [213, 511, 218, 519], 'BUTTERFLY', [146, 514, 249, 516], 'NONE', 'NONE')
  overlap (6, 'GLOBE', [143, 529, 148, 538], 'BUTTERFLY', [146, 533, 249, 535], 'NONE', 'NONE')
  overlap (6, 'GLOBE', [143, 511, 148, 519], 'BUTTERFLY', [146, 514, 249, 516], 'NONE', 'NONE')
  overlap (6, 'CHECK', [371, 544, 380, 549], 'BUTTERFLY', [304, 543, 436, 545], 'NONE', 'NONE')
  overlap (7, 'GLOBE', [518, 516, 523, 524], 'BUTTERFLY', [424, 514, 788, 521], 'NONE', 'NONE')
  overlap (7, 'GLOBE', [518, 516, 523, 524], 'BUTTERFLY', [424, 514, 752, 521], 'NONE', 'NONE')
  overlap (7, 'GLOBE', [480, 516, 485, 524], 'BUTTERFLY', [424, 514, 788, 521], 'NONE', 'NONE')
  overlap (7, 'GLOBE', [480, 516, 485, 524], 'BUTTERFLY', [424, 514, 752, 521], 'NONE', 'NONE')
  overlap (7, 'GLOBE', [259, 289, 267, 294], 'BUTTERFLY', [262, 198, 264, 291], 'NONE', 'NONE')
  overlap (7, 'GLOBE', [259, 289, 267, 294], 'BUTTERFLY', [262, 198, 264, 314], 'NONE', 'NONE')
  overlap (7, 'GLOBE', [273, 289, 281, 294], 'BUTTERFLY', [276, 198, 278, 291], 'NONE', 'NONE')
  overlap (7, 'GLOBE', [273, 289, 281, 294], 'BUTTERFLY', [276, 198, 278, 314], 'NONE', 'NONE')
  overlap (7, 'GLOBE', [713, 516, 718, 524], 'BUTTERFLY', [424, 514, 788, 521], 'NONE', 'NONE')
  overlap (7, 'GLOBE', [713, 516, 718, 524], 'BUTTERFLY', [424, 514, 752, 521], 'NONE', 'NONE')
  overlap (9, 'GLOBE', [167, 531, 172, 539], 'BUTTERFLY', [170, 534, 244, 536], 'NONE', 'NONE')
  overlap (9, 'GLOBE', [167, 531, 172, 539], 'BUTTERFLY', [128, 534, 243, 536], 'NONE', 'NONE')
  overlap (9, 'GLOBE', [125, 531, 130, 539], 'BUTTERFLY', [128, 534, 243, 536], 'NONE', 'NONE')
  overlap (9, 'GLOBE', [694, 415, 702, 420], 'BUTTERFLY', [697, 342, 699, 442], 'NONE', 'NONE')
  overlap (10, 'GATE', [402, 502, 410, 507], 'BUTTERFLY', [402, 501, 502, 503], 'NONE', 'NONE')
  overlap (10, 'CHECK', [437, 502, 445, 507], 'BUTTERFLY', [402, 501, 502, 503], 'NONE', 'NONE')
  overlap (11, 'GLOBE', [492, 487, 497, 496], 'BALL', [495, 491, 562, 493], 'NONE', 'NONE')
  overlap (11, 'GLOBE', [248, 284, 256, 289], 'BALL', [251, 206, 253, 315], 'NONE', 'NONE')
  overlap (11, 'GATE', [370, 529, 378, 534], 'BUTTERFLY', [254, 530, 388, 532], 'NONE', 'NONE')
  overlap (11, 'GLOBE', [247, 346, 255, 352], 'BALL', [250, 301, 252, 377], 'NONE', 'NONE')
  overlap (11, 'GLOBE', [247, 405, 255, 410], 'BALL', [250, 377, 252, 475], 'NONE', 'NONE')
  overlap (11, 'GLOBE', [589, 704, 597, 709], 'BUTTERFLY', [596, 404, 603, 714], 'NONE', 'NONE')
  overlap (12, 'CHECK', [608, 734, 617, 739], 'BUTTERFLY', [573, 732, 654, 734], 'NONE', 'NONE')
  overlap (12, 'GATE', [632, 734, 641, 739], 'BUTTERFLY', [573, 732, 654, 734], 'NONE', 'NONE')
  overlap (12, 'GLOBE', [723, 608, 728, 616], 'BUTTERFLY', [602, 610, 724, 614], 'NONE', 'NONE')
  overlap (12, 'GLOBE', [679, 608, 684, 616], 'BUTTERFLY', [602, 610, 724, 614], 'NONE', 'NONE')
  overlap (13, 'CHECK', [363, 422, 371, 427], 'BUTTERFLY', [311, 421, 414, 423], 'NONE', 'NONE')
  overlap (14, 'CHECK', [763, 495, 771, 500], 'BUTTERFLY', [724, 494, 798, 496], 'NONE', 'NONE')
  overlap (14, 'GATE', [790, 495, 798, 500], 'BUTTERFLY', [724, 494, 798, 496], 'NONE', 'NONE')
  overlap (14, 'CHECK', [763, 594, 771, 599], 'BUTTERFLY', [686, 593, 798, 595], 'NONE', 'NONE')
  overlap (14, 'GATE', [790, 594, 798, 599], 'BUTTERFLY', [686, 593, 798, 595], 'NONE', 'NONE')
  overlap (14, 'GLOBE', [206, 442, 214, 447], 'BALL', [208, 282, 212, 516], 'NONE', 'NONE')
  overlap (15, 'GATE', [165, 143, 173, 148], 'BUTTERFLY', [155, 144, 237, 146], 'NONE', 'NONE')
  overlap (15, 'GATE', [217, 143, 225, 148], 'BUTTERFLY', [155, 144, 237, 146], 'NONE', 'NONE')
  overlap (15, 'GATE', [211, 433, 219, 438], 'BUTTERFLY', [205, 434, 277, 436], 'NONE', 'NONE')
  overlap (15, 'GATE', [263, 433, 271, 438], 'BUTTERFLY', [205, 434, 277, 436], 'NONE', 'NONE')
  overlap (15, 'GATE', [211, 489, 219, 494], 'BUTTERFLY', [168, 490, 303, 492], 'NONE', 'NONE')
  overlap (15, 'GATE', [263, 489, 271, 494], 'BUTTERFLY', [168, 490, 303, 492], 'NONE', 'NONE')
  overlap (15, 'GLOBE', [552, 256, 557, 264], 'BUTTERFLY', [483, 259, 554, 261], 'NONE', 'NONE')
  overlap (15, 'GLOBE', [480, 256, 485, 264], 'BUTTERFLY', [483, 259, 554, 261], 'NONE', 'NONE')
  overlap (16, 'GLOBE', [265, 197, 270, 205], 'BUTTERFLY', [269, 200, 405, 202], 'NONE', 'NONE')
  overlap (16, 'CHECK', [579, 214, 587, 219], 'BUTTERFLY', [477, 213, 625, 215], 'NONE', 'NONE')
  overlap (16, 'GLOBE', [403, 197, 408, 205], 'BUTTERFLY', [269, 200, 405, 202], 'NONE', 'NONE')
  overlap (16, 'CHECK', [555, 363, 563, 368], 'BUTTERFLY', [562, 320, 564, 401], 'NONE', 'NONE')
  overlap (16, 'GLOBE', [436, 431, 444, 436], 'BUTTERFLY', [425, 426, 824, 433], 'NONE', 'NONE')
  overlap (16, 'CHECK', [579, 441, 587, 446], 'BUTTERFLY', [477, 440, 625, 442], 'NONE', 'NONE')
  overlap (16, 'GLOBE', [503, 431, 511, 436], 'BUTTERFLY', [425, 426, 824, 433], 'NONE', 'NONE')
  overlap (16, 'GLOBE', [265, 424, 270, 432], 'BUTTERFLY', [269, 427, 405, 429], 'NONE', 'NONE')
  overlap (16, 'CHECK', [555, 590, 563, 595], 'BUTTERFLY', [562, 548, 564, 629], 'NONE', 'NONE')
  overlap (16, 'CHECK', [579, 668, 587, 673], 'BUTTERFLY', [477, 667, 625, 669], 'NONE', 'NONE')
  overlap (16, 'GLOBE', [265, 652, 270, 660], 'BUTTERFLY', [269, 655, 405, 657], 'NONE', 'NONE')
  overlap (16, 'GLOBE', [403, 424, 408, 432], 'BUTTERFLY', [269, 427, 405, 429], 'NONE', 'NONE')
  overlap (16, 'GLOBE', [404, 652, 409, 660], 'BUTTERFLY', [269, 655, 405, 657], 'NONE', 'NONE')
  overlap (16, 'GLOBE', [550, 205, 555, 213], 'BUTTERFLY', [477, 213, 625, 215], 'NONE', 'NONE')
  overlap (16, 'GLOBE', [750, 430, 755, 438], 'BUTTERFLY', [425, 426, 824, 433], 'NONE', 'NONE')
  overlap (16, 'GLOBE', [786, 430, 791, 438], 'BUTTERFLY', [425, 426, 824, 433], 'NONE', 'NONE')
  overlap (16, 'GLOBE', [550, 431, 555, 439], 'BUTTERFLY', [425, 426, 824, 433], 'NONE', 'NONE')
  overlap (16, 'GLOBE', [550, 657, 555, 665], 'BUTTERFLY', [462, 660, 551, 662], 'NONE', 'NONE')
  overlap (17, 'CHECK', [752, 468, 760, 473], 'BUTTERFLY', [759, 377, 761, 530], 'NONE', 'NONE')
  overlap (17, 'GLOBE', [793, 385, 801, 390], 'BUTTERFLY', [794, 183, 801, 725], 'NONE', 'NONE')
  overlap (17, 'GLOBE', [727, 374, 735, 379], 'BUTTERFLY', [733, 226, 740, 584], 'NONE', 'NONE')
  overlap (17, 'GATE', [728, 528, 736, 533], 'BUTTERFLY', [733, 226, 740, 584], 'NONE', 'NONE')
  overlap (17, 'GLOBE', [733, 468, 740, 473], 'BUTTERFLY', [733, 226, 740, 584], 'NONE', 'NONE')
  overlap (23, 'GATE', [841, 175, 846, 183], 'BUTTERFLY', [625, 176, 844, 179], 'NONE', 'NONE')
  overlap (23, 'GATE', [841, 270, 846, 279], 'BUTTERFLY', [625, 271, 920, 275], 'NONE', 'NONE')
  overlap (24, 'GATE', [712, 497, 716, 505], 'BUTTERFLY', [430, 494, 749, 501], 'NONE', 'NONE')
  overlap (25, 'GLOBE', [332, 279, 337, 287], 'BUTTERFLY', [337, 86, 340, 362], 'NONE', 'NONE')
  overlap (25, 'GLOBE', [503, 389, 508, 397], 'BUTTERFLY', [393, 392, 504, 394], 'NONE', 'NONE')
  overlap (25, 'GLOBE', [568, 390, 573, 398], 'BUTTERFLY', [570, 389, 666, 391], 'NONE', 'NONE')
  overlap (25, 'GLOBE', [568, 331, 573, 339], 'BUTTERFLY', [570, 330, 666, 332], 'NONE', 'NONE')
  overlap (25, 'GLOBE', [664, 322, 669, 330], 'BUTTERFLY', [570, 330, 666, 332], 'NONE', 'NONE')
  overlap (25, 'CHECK', [682, 396, 690, 402], 'BUTTERFLY', [534, 401, 700, 405], 'NONE', 'NONE')
  overlap (25, 'CHECK', [682, 396, 690, 402], 'BUTTERFLY', [637, 395, 720, 397], 'NONE', 'NONE')
  overlap (25, 'CHECK', [682, 396, 690, 402], 'BUTTERFLY', [651, 397, 776, 400], 'NONE', 'NONE')
  overlap (25, 'CHECK', [682, 338, 690, 343], 'BUTTERFLY', [637, 337, 720, 339], 'NONE', 'NONE')
  overlap (25, 'CHECK', [682, 338, 690, 343], 'BUTTERFLY', [651, 339, 776, 342], 'NONE', 'NONE')
  overlap (25, 'GLOBE', [868, 363, 873, 371], 'BALL', [780, 366, 870, 368], 'NONE', 'NONE')
  overlap (25, 'GLOBE', [264, 230, 272, 235], 'BUTTERFLY', [222, 231, 382, 235], 'NONE', 'NONE')
  overlap (25, 'GLOBE', [263, 204, 271, 209], 'BUTTERFLY', [222, 204, 382, 208], 'NONE', 'NONE')
  overlap (25, 'GLOBE', [359, 225, 367, 230], 'BUTTERFLY', [264, 226, 496, 230], 'NONE', 'NONE')
  overlap (25, 'GLOBE', [359, 206, 367, 211], 'BUTTERFLY', [222, 204, 382, 208], 'NONE', 'NONE')
  overlap (25, 'GLOBE', [630, 789, 638, 794], 'BUTTERFLY', [587, 787, 1120, 794], 'NONE', 'NONE')
  overlap (25, 'GLOBE', [483, 409, 488, 417], 'BUTTERFLY', [483, 389, 487, 516], 'NONE', 'NONE')
  overlap (25, 'GLOBE', [483, 466, 488, 474], 'BUTTERFLY', [483, 389, 487, 516], 'NONE', 'NONE')
  overlap (25, 'GLOBE', [568, 447, 573, 455], 'BUTTERFLY', [570, 445, 666, 447], 'NONE', 'NONE')
  overlap (25, 'GLOBE', [568, 502, 573, 510], 'BUTTERFLY', [570, 501, 666, 503], 'NONE', 'NONE')
  overlap (25, 'CHECK', [682, 509, 690, 514], 'BUTTERFLY', [637, 508, 720, 510], 'NONE', 'NONE')
  overlap (26, 'GLOBE', [636, 616, 642, 624], 'BALL', [475, 619, 638, 621], 'NONE', 'NONE')
  overlap (27, 'GLOBE', [821, 630, 826, 638], 'BUTTERFLY', [821, 458, 825, 704], 'NONE', 'NONE')
  overlap (27, 'GATE', [816, 702, 824, 707], 'BUTTERFLY', [821, 458, 825, 704], 'NONE', 'NONE')
  overlap (29, 'BALL', [699, 209, 702, 368], 'BUTTERFLY', [392, 309, 810, 316], 'NONE', 'NONE')
  overlap (29, 'BUTTERFLY', [392, 309, 810, 316], 'BALL', [699, 209, 702, 408], 'NONE', 'NONE')
  overlap (29, 'BUTTERFLY', [392, 309, 810, 316], 'BALL', [699, 288, 702, 459], 'NONE', 'NONE')
  overlap (31, 'BALL', [847, 303, 849, 408], 'BUTTERFLY', [848, 309, 852, 435], 'NONE', 'NONE')
  overlap (31, 'BALL', [847, 303, 849, 408], 'BUTTERFLY', [848, 281, 852, 408], 'NONE', 'NONE')
  overlap (31, 'BALL', [847, 303, 849, 408], 'BUTTERFLY', [848, 381, 852, 507], 'NONE', 'NONE')
  overlap (31, 'BALL', [847, 303, 849, 408], 'BUTTERFLY', [848, 354, 852, 480], 'NONE', 'NONE')
  overlap (31, 'BUTTERFLY', [848, 309, 852, 435], 'BALL', [847, 375, 849, 480], 'NONE', 'NONE')
  overlap (31, 'BUTTERFLY', [848, 281, 852, 408], 'BALL', [847, 375, 849, 480], 'NONE', 'NONE')
  overlap (31, 'BALL', [847, 375, 849, 480], 'BUTTERFLY', [848, 381, 852, 507], 'NONE', 'NONE')
  overlap (31, 'BALL', [847, 375, 849, 480], 'BUTTERFLY', [848, 354, 852, 480], 'NONE', 'NONE')
  overlap (38, 'BALL', [192, 290, 332, 293], 'BUTTERFLY', [247, 72, 252, 429], 'NONE', 'NONE')
  overlap (42, 'CHECK', [474, 98, 482, 103], 'BUTTERFLY', [473, 99, 475, 295], 'NONE', 'NONE')
  overlap (42, 'CHECK', [474, 197, 482, 202], 'BUTTERFLY', [473, 99, 475, 295], 'NONE', 'NONE')
  overlap (44, 'GLOBE', [385, 523, 390, 532], 'BUTTERFLY', [341, 526, 495, 529], 'NONE', 'NONE')
  overlap (44, 'GLOBE', [337, 523, 342, 532], 'BUTTERFLY', [341, 526, 495, 529], 'NONE', 'NONE')
  overlap (44, 'GLOBE', [385, 622, 390, 631], 'BUTTERFLY', [341, 625, 495, 628], 'NONE', 'NONE')
  overlap (44, 'GLOBE', [337, 622, 342, 631], 'BUTTERFLY', [341, 625, 495, 628], 'NONE', 'NONE')
  overlap (44, 'GLOBE', [385, 722, 390, 730], 'BUTTERFLY', [341, 724, 495, 728], 'NONE', 'NONE')
  overlap (44, 'GLOBE', [337, 722, 342, 730], 'BUTTERFLY', [341, 724, 495, 728], 'NONE', 'NONE')
  overlap (49, 'BUTTERFLY', [501, 218, 504, 400], 'BALL', [501, 315, 504, 496], 'NONE', 'NONE')
  overlap (49, 'BUTTERFLY', [472, 315, 476, 496], 'BALL', [472, 411, 476, 587], 'NONE', 'NONE')
  overlap (50, 'BUTTERFLY', [501, 218, 504, 400], 'BALL', [501, 315, 504, 496], 'NONE', 'NONE')
  overlap (50, 'BUTTERFLY', [472, 315, 476, 496], 'BALL', [472, 411, 476, 587], 'NONE', 'NONE')
  overlap (51, 'CHECK', [222, 222, 228, 231], 'BUTTERFLY', [187, 230, 269, 232], 'NONE', 'NONE')
  overlap (51, 'CHECK', [208, 472, 212, 480], 'BUTTERFLY', [206, 405, 208, 535], 'NONE', 'NONE')
  overlap (51, 'GATE', [208, 450, 212, 459], 'BUTTERFLY', [206, 405, 208, 535], 'NONE', 'NONE')
  overlap (51, 'CHECK', [378, 472, 383, 480], 'BUTTERFLY', [343, 479, 424, 481], 'NONE', 'NONE')
  overlap (51, 'CHECK', [648, 472, 653, 480], 'BUTTERFLY', [647, 405, 649, 535], 'NONE', 'NONE')
  overlap (51, 'GATE', [648, 450, 653, 459], 'BUTTERFLY', [647, 405, 649, 535], 'NONE', 'NONE')
  overlap (51, 'CHECK', [866, 472, 871, 480], 'BUTTERFLY', [865, 405, 867, 535], 'NONE', 'NONE')
  overlap (51, 'GATE', [866, 450, 871, 459], 'BUTTERFLY', [865, 405, 867, 535], 'NONE', 'NONE')
  overlap (51, 'CHECK', [208, 687, 212, 696], 'BUTTERFLY', [206, 620, 208, 750], 'NONE', 'NONE')
  overlap (51, 'GATE', [208, 665, 212, 674], 'BUTTERFLY', [206, 620, 208, 750], 'NONE', 'NONE')
  overlap (51, 'CHECK', [378, 687, 383, 696], 'BUTTERFLY', [343, 694, 424, 696], 'NONE', 'NONE')
  overlap (52, 'CHECK', [648, 202, 653, 210], 'BUTTERFLY', [647, 135, 649, 265], 'NONE', 'NONE')
  overlap (52, 'GATE', [648, 180, 653, 189], 'BUTTERFLY', [647, 135, 649, 265], 'NONE', 'NONE')
  overlap (52, 'CHECK', [866, 202, 871, 210], 'BUTTERFLY', [865, 135, 867, 265], 'NONE', 'NONE')
  overlap (52, 'GATE', [866, 180, 871, 189], 'BUTTERFLY', [865, 135, 867, 265], 'NONE', 'NONE')
  overlap (52, 'CHECK', [208, 451, 212, 460], 'BUTTERFLY', [206, 384, 208, 514], 'NONE', 'NONE')
  overlap (52, 'GATE', [208, 430, 212, 438], 'BUTTERFLY', [206, 384, 208, 514], 'NONE', 'NONE')
  overlap (52, 'CHECK', [378, 451, 383, 460], 'BUTTERFLY', [343, 459, 424, 461], 'NONE', 'NONE')
  overlap (52, 'CHECK', [648, 451, 653, 460], 'BUTTERFLY', [647, 384, 649, 514], 'NONE', 'NONE')
  overlap (52, 'GATE', [648, 430, 653, 438], 'BUTTERFLY', [647, 384, 649, 514], 'NONE', 'NONE')
  overlap (52, 'CHECK', [866, 451, 871, 460], 'BUTTERFLY', [865, 384, 867, 514], 'NONE', 'NONE')
  overlap (52, 'GATE', [866, 430, 871, 438], 'BUTTERFLY', [865, 384, 867, 514], 'NONE', 'NONE')
  overlap (52, 'CHECK', [208, 714, 212, 722], 'BUTTERFLY', [206, 647, 208, 777], 'NONE', 'NONE')
  overlap (52, 'GATE', [208, 692, 212, 701], 'BUTTERFLY', [206, 647, 208, 777], 'NONE', 'NONE')
  overlap (52, 'CHECK', [378, 714, 383, 722], 'BUTTERFLY', [343, 721, 424, 723], 'NONE', 'NONE')
  overlap (53, 'CHECK', [386, 579, 391, 587], 'BUTTERFLY', [385, 512, 387, 642], 'NONE', 'NONE')
  overlap (53, 'GATE', [386, 557, 391, 566], 'BUTTERFLY', [385, 512, 387, 642], 'NONE', 'NONE')
  overlap (53, 'CHECK', [604, 579, 609, 587], 'BUTTERFLY', [603, 512, 605, 642], 'NONE', 'NONE')
  overlap (53, 'GATE', [604, 557, 609, 566], 'BUTTERFLY', [603, 512, 605, 642], 'NONE', 'NONE')
  overlap (53, 'CHECK', [385, 268, 390, 277], 'BUTTERFLY', [384, 202, 386, 332], 'NONE', 'NONE')
  overlap (53, 'GATE', [385, 247, 390, 255], 'BUTTERFLY', [384, 202, 386, 332], 'NONE', 'NONE')
  overlap (53, 'CHECK', [602, 268, 608, 277], 'BUTTERFLY', [601, 202, 603, 332], 'NONE', 'NONE')
  overlap (53, 'GATE', [602, 247, 608, 255], 'BUTTERFLY', [601, 202, 603, 332], 'NONE', 'NONE')
  overlap (54, 'CHECK', [161, 398, 166, 407], 'BUTTERFLY', [126, 406, 207, 408], 'NONE', 'NONE')
  overlap (54, 'CHECK', [161, 398, 166, 407], 'BUTTERFLY', [163, 406, 293, 408], 'NONE', 'NONE')
  overlap (54, 'CHECK', [378, 398, 383, 407], 'BUTTERFLY', [343, 406, 424, 408], 'NONE', 'NONE')
  overlap (54, 'CHECK', [378, 398, 383, 407], 'BUTTERFLY', [381, 406, 516, 408], 'NONE', 'NONE')
  overlap (54, 'CHECK', [648, 398, 653, 407], 'BUTTERFLY', [604, 406, 734, 408], 'NONE', 'NONE')
  overlap (54, 'CHECK', [161, 614, 166, 622], 'BUTTERFLY', [126, 621, 207, 623], 'NONE', 'NONE')
  overlap (54, 'CHECK', [378, 614, 383, 622], 'BUTTERFLY', [343, 621, 424, 623], 'NONE', 'NONE')
  overlap (55, 'CHECK', [604, 297, 609, 306], 'BUTTERFLY', [569, 305, 650, 307], 'NONE', 'NONE')
  overlap (55, 'CHECK', [604, 297, 609, 306], 'BUTTERFLY', [606, 305, 736, 307], 'NONE', 'NONE')
  overlap (55, 'CHECK', [868, 297, 873, 306], 'BUTTERFLY', [867, 230, 869, 361], 'NONE', 'NONE')
  overlap (55, 'GATE', [868, 276, 873, 284], 'BUTTERFLY', [867, 230, 869, 361], 'NONE', 'NONE')
  overlap (55, 'CHECK', [161, 595, 166, 604], 'BUTTERFLY', [126, 603, 207, 605], 'NONE', 'NONE')
  overlap (55, 'CHECK', [161, 595, 166, 604], 'BUTTERFLY', [163, 603, 293, 605], 'NONE', 'NONE')
  overlap (55, 'CHECK', [378, 595, 383, 604], 'BUTTERFLY', [343, 603, 424, 605], 'NONE', 'NONE')
  overlap (55, 'CHECK', [378, 595, 383, 604], 'BUTTERFLY', [381, 603, 519, 605], 'NONE', 'NONE')
  overlap (55, 'CHECK', [604, 595, 609, 604], 'BUTTERFLY', [569, 603, 650, 605], 'NONE', 'NONE')
  overlap (55, 'CHECK', [604, 595, 609, 604], 'BUTTERFLY', [606, 603, 736, 605], 'NONE', 'NONE')
  overlap (55, 'CHECK', [868, 595, 873, 604], 'BUTTERFLY', [867, 529, 869, 659], 'NONE', 'NONE')
  overlap (55, 'GATE', [868, 574, 873, 582], 'BUTTERFLY', [867, 529, 869, 659], 'NONE', 'NONE')
  overlap (56, 'CHECK', [374, 440, 379, 448], 'BUTTERFLY', [373, 373, 375, 503], 'NONE', 'NONE')
  overlap (56, 'GATE', [374, 418, 379, 426], 'BUTTERFLY', [373, 373, 375, 503], 'NONE', 'NONE')
  overlap (57, 'CHECK', [655, 620, 660, 628], 'BUTTERFLY', [654, 553, 656, 683], 'NONE', 'NONE')
  overlap (57, 'GATE', [655, 598, 660, 607], 'BUTTERFLY', [654, 553, 656, 683], 'NONE', 'NONE')
  overlap (57, 'CHECK', [346, 620, 351, 628], 'BUTTERFLY', [311, 627, 392, 629], 'NONE', 'NONE')
  overlap (57, 'CHECK', [346, 325, 351, 334], 'BUTTERFLY', [311, 333, 392, 335], 'NONE', 'NONE')
  overlap (57, 'CHECK', [655, 325, 660, 334], 'BUTTERFLY', [654, 258, 656, 389], 'NONE', 'NONE')
  overlap (57, 'GATE', [655, 304, 660, 312], 'BUTTERFLY', [654, 258, 656, 389], 'NONE', 'NONE')
  overlap (58, 'CHECK', [655, 620, 660, 628], 'BUTTERFLY', [654, 553, 656, 683], 'NONE', 'NONE')
  overlap (58, 'GATE', [655, 598, 660, 607], 'BUTTERFLY', [654, 553, 656, 683], 'NONE', 'NONE')
  overlap (58, 'CHECK', [346, 620, 351, 628], 'BUTTERFLY', [311, 627, 392, 629], 'NONE', 'NONE')
  overlap (58, 'CHECK', [402, 325, 407, 334], 'BUTTERFLY', [367, 333, 448, 335], 'NONE', 'NONE')
  overlap (58, 'CHECK', [595, 325, 600, 334], 'BUTTERFLY', [560, 333, 641, 335], 'NONE', 'NONE')
  overlap (58, 'CHECK', [836, 325, 841, 334], 'BUTTERFLY', [835, 258, 837, 389], 'NONE', 'NONE')
  overlap (58, 'GATE', [836, 304, 841, 312], 'BUTTERFLY', [835, 258, 837, 389], 'NONE', 'NONE')
